21
48
0 3 181.73
0 6 132.78  
1 4 133.48  
1 0 425.68  
2 5 146.77  
3 1 224.64
3 0 150.33  
3 8 109.25  
4 8 104.93  
4 9 458.18  
4 1 110.28  
4 2 131.06  
4 10 315.99  
5 4 172.62  
5 11 103.83  
6 12 837.79  
6 7 991.29  
6 3 131.36  
7 8 716.39 
7 6 915.11  
7 14 246.23  
8 9 500.67  
8 4 123.35  
8 7 729.79  
9 4 412.73 
9 16 365.23  
10 9 81.98  
10 5 122.04  
10 17 74.10  
11 18 72.99  
11 10 68.99  
12 6 920.02  
13 14 62.02  
13 20 109.20  
13 15 98.94  
14 12 90.10  
14 15 57.99  
15 7 63.88  
16 20 55.82  
16 13 61.89  
16 10 150.99  
17 20 48.98  
17 19 76.40  
17 11 115.98  
18 19 120.83  
19 17 70.88  
20 16 53.89  
20 17 48.89 