21
1,84.1740298,708.6132806,crossing,uncontrolled,highway,crossing
2,-99.1722618,628.6126820,highway,traffic_signals
3,75.1710753,559.6128402,highway,traffic_signals
4,73.1703690,445.6129333
5,142.1699072,396.6129174
6,274.1696617,331.6128633
7,377.1670140,377.6117522,highway,traffic_signals
8,196.1727151,238.6127041
9,246.1726118,137.6111237
10,317.1709836,57.6113112
11,155.1711021,57.6128045
12,73.1722967,-31.6126472
13,228.1718292,-50.6127436,highway,traffic_signals
14,336.1739403,-106.6103814
15,217.1727672,-123.6103785
16,148.1677569,-158.6107657
17,79.1695191,-240.6084611
18,-79.1709494,-292.6112781
19,-70.1712961,-343.6128154
20,105.1738924,-359.6132242,bus,yes,name,CI31,public_transport,stop_position
21,2.1736241,-431.6131209,bus,yes,name,CI32,public_transport,stop_position