21
48
0 2 181.72650973602413
0 1 132.7767121878866
1 18 837.7947823323527
1 20 991.2911882516231
1 2 131.357024048453
2 6 224.63943538904638
2 0 150.33072089604082
2 3 109.25121081834332
3 11 500.67234876243873
3 4 123.34577863457439
3 20 729.7934279243382
4 3 104.92517801779353
4 11 458.1787579593192
4 6 110.27652211959968
4 5 131.0611888560207
4 10 315.9908294699091
5 7 146.76708477536957
6 4 133.4843639722696
6 0 425.68440614763165
7 4 172.62295189835382
7 8 103.83317869980766
8 9 72.98726509824365
8 10 68.98604596958643
9 13 120.82735692836452
10 11 81.98379065092865
10 7 122.04275698390482
10 12 74.09734009347571
11 4 412.7347862347223
11 15 365.2345977892346
12 14 48.98347698367938
12 13 76.39724987113256
12 8 115.98175349817294
13 12 70.87634873648747
14 15 53.89236487364734
14 12 48.893674986489735
15 14 55.817548718464735
15 16 61.893947691385655
15 10 150.98716578456848
16 17 62.019854891756545
16 14 109.19836498762344
16 19 98.93857698437594
17 18 90.09876459876985
17 19 57.987649857698585
18 1 920.0196597468957
19 20 63.87913648968837
20 3 716.3906977744317
20 1 915.1075874932698
20 17 246.22873465873457
